期号:1	ID:1	用户名:q	注数:5	所选号码:1   3   5   7   9   11  	2   4   6   8   10  13  	1   2   3   4   5   6   	5   6   7   8   9   11  	2   5   7   8   11  13  	开奖状态:1	中奖状态:0	中奖金额:0.000000
期号:1	ID:2	用户名:q	注数:5	所选号码:1   2   3   5   13  16  	20  16  12  15  5   8   	2   4   8   5   13  11  	12  14  16  4   1   9   	2   5   7   9   10  18  	开奖状态:1	中奖状态:2	中奖金额:20.000000
期号:1	ID:3	用户名:w	注数:5	所选号码:1   3   5   6   7   8   	5   8   10  13  15  18  	10  15  18  7   9   2   	1   13  15  17  7   4   	11  13  18  9   7   3   	开奖状态:1	中奖状态:3	中奖金额:30.000000
期号:1	ID:4	用户名:w	注数:5	所选号码:10  12  14  16  6   3   	2   4   6   1   12  16  	20  12  3   13  6   17  	6   8   4   12  19  9   	12  1   8   3   6   15  	开奖状态:1	中奖状态:1	中奖金额:10.000000
期号:1	ID:5	用户名:e	注数:5	所选号码:1   2   3   4   5   6   	2   3   4   5   6   7   	3   4   5   13  14  16  	12  14  16  5   7   9   	2   4   6   12  17  19  	开奖状态:1	中奖状态:1	中奖金额:10.000000
期号:1	ID:6	用户名:e	注数:5	所选号码:10  12  14  15  2   5   	2   5   8   12  14  18  	1   14  13  6   8   9   	3   5   8   13  16  20  	5   8   15  7   20  14  	开奖状态:1	中奖状态:3	中奖金额:30.000000
期号:2	ID:7	用户名:q	注数:5	所选号码:1   2   3   6   7   9   	7   8   9   11  13  18  	1   3   4   20  14  16  	15  18  5   8   12  6   	6   8   10  11  12  16  	开奖状态:1	中奖状态:2	中奖金额:20.000000
期号:2	ID:8	用户名:w	注数:5	所选号码:11  13  15  16  19  9   	2   5   8   9   15  16  	12  13  16  20  5   8   	2   5   8   13  15  18  	1   3   4   6   12  14  	开奖状态:1	中奖状态:2	中奖金额:20.000000
期号:2	ID:9	用户名:e	注数:5	所选号码:1   2   3   4   8   12  	2   4   6   11  13  15  	5   7   9   12  15  20  	6   7   8   9   11  14  	11  13  15  16  18  20  	开奖状态:1	中奖状态:2	中奖金额:60.000000
期号:3	ID:10	用户名:q	注数:3	所选号码:1   2   3   4   5   6   	2   5   7   11  13  15  	1   14  18  5   9   16  	0   0   0   0   0   0   	0   0   0   0   0   0   	开奖状态:1	中奖状态:1	中奖金额:10.000000
期号:3	ID:11	用户名:q	注数:1	所选号码:2   3   4   5   8   9   	0   0   0   0   0   0   	0   0   0   0   0   0   	0   0   0   0   0   0   	0   0   0   0   0   0   	开奖状态:1	中奖状态:0	中奖金额:0.000000
